1996418.9047851562
1636953.6181640625
1608274.658203125
1593891.5595703125
1583111.943359375
1574539.4306640625
1566635.0087890625
1557866.49609375
1548580.0107421875
1538517.1572265625
1528630.330078125
1518525.6015625
1507003.95703125
1497057.73828125
1486170.005859375
1475533.01953125
1467218.5234375
1456119.478515625
1444220.767578125
1435073.12890625
1424610.54296875
1416587.908203125
1407588.44140625
1401674.91796875
1392123.658203125
1385030.994140625
1379700.328125
1374986.419921875
1364532.84765625
1358356.99609375
1352358.3515625
1347277.923828125
1341132.25390625
1337167.578125
1331315.083984375
1327413.4375
1323835.984375
1319531.431640625
1315971.53515625
1310238.869140625
1305926.24609375
1304469.923828125
1302073.158203125
1298368.56640625
1293665.755859375
1289749.56640625
1288274.291015625
1283413.46484375
1281536.97265625
1280145.134765625
1277737.16796875
1272468.30859375
1272873.921875
1270699.91796875
1268147.63671875
1265662.544921875
1263723.111328125
1262653.98046875
1262479.103515625
1256471.396484375
1255350.73046875
1254006.26953125
1251906.57421875
1251399.0234375
1249686.921875
1248341.74609375
1246647.427734375
1245294.56640625
1244136.525390625
1242637.560546875
1240520.505859375
1240275.5625
1240319.130859375
1235282.6640625
1235478.228515625
1236748.298828125
1234596.615234375
1234199.515625
1233278.48828125
1233052.376953125
1228590.296875
1227378.5859375
1227503.697265625
1224705.4140625
1228372.099609375
1227059.669921875
1222999.4765625
1220964.0390625
1221449.130859375
1221921.96875
1221744.57421875
1219644.099609375
1218832.44921875
1217769.0703125
1232808.16796875
1218758.16796875
1214331.044921875
1214648.109375
1213928.5390625
1213756.5390625
1213279.181640625
1213016.478515625
1212804.158203125
1214871.310546875
1211617.458984375
1209093.529296875
1208085.357421875
1208317.099609375
1210812.68359375
1206211.908203125
1207560.333984375
1205725.80078125
1205456.796875
1204138.498046875
1204967.693359375
1204171.85546875
1203761.33203125
1203268.423828125
1203688.763671875
1203443.74609375
1200416.775390625
1200764.552734375
1201133.908203125
1200645.376953125
1200600.732421875
1198937.904296875
1199437.423828125
1199262.0234375
1199671.369140625
1198299.9765625
1197844.224609375
1198699.236328125
1197222.537109375
1196366.205078125
1195933.04296875
1196974.404296875
1194667.921875
1194529.349609375
1197087.3359375
1194969.359375
1194723.25390625
1193085.05859375
1191844.189453125
1194989.3671875
1194516.330078125
1192852.1015625
1193886.205078125
1194126.12890625
1190602.67578125
1193255.76171875
1191478.826171875
1191240.87890625
1193507.470703125
1189167.87109375
1189430.857421875
1189641.2578125
1189759.60546875
1189079.482421875
1187339.630859375
1189109.41015625
1188450.546875
1189007.29296875
1187407.73046875
1188014.98828125
1187239.150390625
1187438.86328125
1186944.12890625
1186740.26171875
1185709.986328125
1187820.888671875
1185511.994140625
1184867.490234375
1191407.26953125
1187814.98828125
1185570.07421875
1184647.736328125
1188788.748046875
1186226.125
1185005.43359375
1184644.546875
1182842.96875
1185075.009765625
1187822.873046875
1183498.5234375
1182057.09765625
1182794.412109375
1181641.537109375
1185338.42578125
1183235.044921875
1183188.927734375
1182273.15625
1182361.71875
1182525.509765625
1181886.67578125
1182290.318359375
1183395.615234375
1182027.69140625
1181815.8671875
1183303.998046875
1179960.40625
1180714.6328125
1181058.33203125
1181082.06640625
1179856.17578125
1180139.150390625
1180031.8515625
1179108.197265625
1180208.501953125
1179170.427734375
1179475.74609375
1180582.265625
1180117.267578125
1180542.947265625
1181527.431640625
1178278.359375
1177413.19140625
1177952.16796875
1178812.435546875
1180621.140625
1178912.427734375
1179843.427734375
1178436.513671875
1180097.93359375
1179109.4375
1176229.560546875
1175789.62109375
1177581.240234375
1180462.794921875
1179235.447265625
1176614.85546875
1177070.08984375
1176164.45703125
1175882.431640625
1179580.484375
1175918.3515625
1180532.986328125
1179950.294921875
1178145.525390625
1177934.3046875
1181136.044921875
1176909.0
1178681.138671875
1179706.984375
1178088.740234375
1175727.830078125
1176501.533203125
1175889.029296875
1174676.462890625
1175282.994140625
1180542.3828125
1178748.546875
1176486.919921875
1177722.490234375
1175866.21484375
1177372.849609375
1177977.8671875
1174304.890625
1176578.62890625
1176524.154296875
1175174.185546875
1174930.81640625
1176993.16015625
1175342.880859375
1173500.302734375
1176337.783203125
1173032.78125
1171790.6328125
1174531.63671875
1175298.447265625
1175329.72265625
